SimulationTime 10
initial_state 0.0 0.0 3.1415926536 0.0
u_ref 0.0
uss 0.0
state_ref 20
80.0 0.0 0.0 0.0 0.0
80.0 0.0 0.0 3.1415926536 0.0
80.0 0.2 0.0 0.0 0.0
80.0 -0.1 0.0 0.0 0.0	
90.0 4.0 0.0 3.1415926536 0.0	
110.0 -1.0 0.0 0.0 0.0	
130.0 -3.0 0.0 3.1415926536 0.0	
150.0 2.0 0.0 0.0 0.0	
170.0 5.0 0.0 3.1415926536 0.0	
190.0 -1.0 0.0 0.0 0.0	
210.0 0.0 0.0 3.1415926536 0.0	
165.0 4.0 0.0 0.0 0.0	
180.0 5.0 0.0 3.1415926536 0.0	
195.0 3.0 0.0 0.0 0.0	
210.0 2.0 0.0 3.1415926536 0.0	
225.0 1.0 0.0 0.0 0.0	
240.0 0.0 0.0 3.1415926536 0.0	
255.0 3.0 0.0 0.0 0.0	
270.0 1.0 0.0 3.1415926536 0.0	
285.0 0.0 0.0 0.0 0.0	
400.0 1.0 0.0 0.0 0.0
disturbance 0
5.0  -200.0
20.0 -200.0
friction_coef 1
