SimulationTime 10
initial_state 7.0 10.0 0.0 0.0 0.0 0.0 0.0 0.0 0.0 0.0 0.0 0.0
u_ref 0.0 0.0 0.0 0.0
uss 0.0 0.0 0.0 0.0
state_ref 201
0 7 10 0 0 0 0 0 0 0 0 0 0
0.1 7.0785 10.001 0 0 0 0.031416 0 0 0 0 0 0
0.2 7.157 10.005 0 0 0 0.062832 0 0 0 0 0 0
0.3 7.2353 10.011 0 0 0 0.094248 0 0 0 0 0 0
0.4 7.3133 10.02 0 0 0 0.12566 0 0 0 0 0 0
0.5 7.3911 10.031 0 0 0 0.15708 0 0 0 0 0 0
0.6 7.4685 10.044 0 0 0 0.1885 0 0 0 0 0 0
0.7 7.5454 10.06 0 0 0 0.21991 0 0 0 0 0 0
0.8 7.6217 10.079 0 0 0 0.25133 0 0 0 0 0 0
0.9 7.6975 10.099 0 0 0 0.28274 0 0 0 0 0 0
1 7.7725 10.122 0 0 0 0.31416 0 0 0 0 0 0
1.1 7.8468 10.148 0 0 0 0.34558 0 0 0 0 0 0
1.2 7.9203 10.176 0 0 0 0.37699 0 0 0 0 0 0
1.3 7.9929 10.206 0 0 0 0.40841 0 0 0 0 0 0
1.4 8.0644 10.238 0 0 0 0.43982 0 0 0 0 0 0
1.5 8.135 10.272 0 0 0 0.47124 0 0 0 0 0 0
1.6 8.2044 10.309 0 0 0 0.50265 0 0 0 0 0 0
1.7 8.2726 10.348 0 0 0 0.53407 0 0 0 0 0 0
1.8 8.3396 10.389 0 0 0 0.56549 0 0 0 0 0 0
1.9 8.4052 10.432 0 0 0 0.5969 0 0 0 0 0 0
2 8.4695 10.477 0 0 0 0.62832 0 0 0 0 0 0
2.1 8.5323 10.525 0 0 0 0.65973 0 0 0 0 0 0
2.2 8.5936 10.574 0 0 0 0.69115 0 0 0 0 0 0
2.3 8.6533 10.625 0 0 0 0.72257 0 0 0 0 0 0
2.4 8.7114 10.678 0 0 0 0.75398 0 0 0 0 0 0
2.5 8.7678 10.732 0 0 0 0.7854 0 0 0 0 0 0
2.6 8.8224 10.789 0 0 0 0.81681 0 0 0 0 0 0
2.7 8.8753 10.847 0 0 0 0.84823 0 0 0 0 0 0
2.8 8.9263 10.906 0 0 0 0.87965 0 0 0 0 0 0
2.9 8.9754 10.968 0 0 0 0.91106 0 0 0 0 0 0
3 9.0225 11.031 0 0 0 0.94248 0 0 0 0 0 0
3.1 9.0677 11.095 0 0 0 0.97389 0 0 0 0 0 0
3.2 9.1108 11.16 0 0 0 1.0053 0 0 0 0 0 0
3.3 9.1519 11.227 0 0 0 1.0367 0 0 0 0 0 0
3.4 9.1908 11.296 0 0 0 1.0681 0 0 0 0 0 0
3.5 9.2275 11.365 0 0 0 1.0996 0 0 0 0 0 0
3.6 9.2621 11.436 0 0 0 1.131 0 0 0 0 0 0
3.7 9.2944 11.507 0 0 0 1.1624 0 0 0 0 0 0
3.8 9.3244 11.58 0 0 0 1.1938 0 0 0 0 0 0
3.9 9.3522 11.653 0 0 0 1.2252 0 0 0 0 0 0
4 9.3776 11.727 0 0 0 1.2566 0 0 0 0 0 0
4.1 9.4007 11.803 0 0 0 1.2881 0 0 0 0 0 0
4.2 9.4215 11.878 0 0 0 1.3195 0 0 0 0 0 0
4.3 9.4398 11.955 0 0 0 1.3509 0 0 0 0 0 0
4.4 9.4557 12.032 0 0 0 1.3823 0 0 0 0 0 0
4.5 9.4692 12.109 0 0 0 1.4137 0 0 0 0 0 0
4.6 9.4803 12.187 0 0 0 1.4451 0 0 0 0 0 0
4.7 9.4889 12.265 0 0 0 1.4765 0 0 0 0 0 0
4.8 9.4951 12.343 0 0 0 1.508 0 0 0 0 0 0
4.9 9.4988 12.421 0 0 0 1.5394 0 0 0 0 0 0
5 9.5 12.5 0 0 0 1.5708 0 0 0 0 0 0
5.1 9.4988 12.579 0 0 0 1.6022 0 0 0 0 0 0
5.2 9.4951 12.657 0 0 0 1.6336 0 0 0 0 0 0
5.3 9.4889 12.735 0 0 0 1.665 0 0 0 0 0 0
5.4 9.4803 12.813 0 0 0 1.6965 0 0 0 0 0 0
5.5 9.4692 12.891 0 0 0 1.7279 0 0 0 0 0 0
5.6 9.4557 12.968 0 0 0 1.7593 0 0 0 0 0 0
5.7 9.4398 13.045 0 0 0 1.7907 0 0 0 0 0 0
5.8 9.4215 13.122 0 0 0 1.8221 0 0 0 0 0 0
5.9 9.4007 13.197 0 0 0 1.8535 0 0 0 0 0 0
6 9.3776 13.273 0 0 0 1.885 0 0 0 0 0 0
6.1 9.3522 13.347 0 0 0 1.9164 0 0 0 0 0 0
6.2 9.3244 13.42 0 0 0 1.9478 0 0 0 0 0 0
6.3 9.2944 13.493 0 0 0 1.9792 0 0 0 0 0 0
6.4 9.2621 13.564 0 0 0 2.0106 0 0 0 0 0 0
6.5 9.2275 13.635 0 0 0 2.042 0 0 0 0 0 0
6.6 9.1908 13.704 0 0 0 2.0735 0 0 0 0 0 0
6.7 9.1519 13.773 0 0 0 2.1049 0 0 0 0 0 0
6.8 9.1108 13.84 0 0 0 2.1363 0 0 0 0 0 0
6.9 9.0677 13.905 0 0 0 2.1677 0 0 0 0 0 0
7 9.0225 13.969 0 0 0 2.1991 0 0 0 0 0 0
7.1 8.9754 14.032 0 0 0 2.2305 0 0 0 0 0 0
7.2 8.9263 14.094 0 0 0 2.2619 0 0 0 0 0 0
7.3 8.8753 14.153 0 0 0 2.2934 0 0 0 0 0 0
7.4 8.8224 14.211 0 0 0 2.3248 0 0 0 0 0 0
7.5 8.7678 14.268 0 0 0 2.3562 0 0 0 0 0 0
7.6 8.7114 14.322 0 0 0 2.3876 0 0 0 0 0 0
7.7 8.6533 14.375 0 0 0 2.419 0 0 0 0 0 0
7.8 8.5936 14.426 0 0 0 2.4504 0 0 0 0 0 0
7.9 8.5323 14.475 0 0 0 2.4819 0 0 0 0 0 0
8 8.4695 14.523 0 0 0 2.5133 0 0 0 0 0 0
8.1 8.4052 14.568 0 0 0 2.5447 0 0 0 0 0 0
8.2 8.3396 14.611 0 0 0 2.5761 0 0 0 0 0 0
8.3 8.2726 14.652 0 0 0 2.6075 0 0 0 0 0 0
8.4 8.2044 14.691 0 0 0 2.6389 0 0 0 0 0 0
8.5 8.135 14.728 0 0 0 2.6704 0 0 0 0 0 0
8.6 8.0644 14.762 0 0 0 2.7018 0 0 0 0 0 0
8.7 7.9929 14.794 0 0 0 2.7332 0 0 0 0 0 0
8.8 7.9203 14.824 0 0 0 2.7646 0 0 0 0 0 0
8.9 7.8468 14.852 0 0 0 2.796 0 0 0 0 0 0
9 7.7725 14.878 0 0 0 2.8274 0 0 0 0 0 0
9.1 7.6975 14.901 0 0 0 2.8588 0 0 0 0 0 0
9.2 7.6217 14.921 0 0 0 2.8903 0 0 0 0 0 0
9.3 7.5454 14.94 0 0 0 2.9217 0 0 0 0 0 0
9.4 7.4685 14.956 0 0 0 2.9531 0 0 0 0 0 0
9.5 7.3911 14.969 0 0 0 2.9845 0 0 0 0 0 0
9.6 7.3133 14.98 0 0 0 3.0159 0 0 0 0 0 0
9.7 7.2353 14.989 0 0 0 3.0473 0 0 0 0 0 0
9.8 7.157 14.995 0 0 0 3.0788 0 0 0 0 0 0
9.9 7.0785 14.999 0 0 0 3.1102 0 0 0 0 0 0
10 7 15 0 0 0 3.1416 0 0 0 0 0 0
10.1 6.9215 14.999 0 0 0 3.173 0 0 0 0 0 0
10.2 6.843 14.995 0 0 0 3.2044 0 0 0 0 0 0
10.3 6.7647 14.989 0 0 0 3.2358 0 0 0 0 0 0
10.4 6.6867 14.98 0 0 0 3.2673 0 0 0 0 0 0
10.5 6.6089 14.969 0 0 0 3.2987 0 0 0 0 0 0
10.6 6.5315 14.956 0 0 0 3.3301 0 0 0 0 0 0
10.7 6.4546 14.94 0 0 0 3.3615 0 0 0 0 0 0
10.8 6.3783 14.921 0 0 0 3.3929 0 0 0 0 0 0
10.9 6.3025 14.901 0 0 0 3.4243 0 0 0 0 0 0
11 6.2275 14.878 0 0 0 3.4558 0 0 0 0 0 0
11.1 6.1532 14.852 0 0 0 3.4872 0 0 0 0 0 0
11.2 6.0797 14.824 0 0 0 3.5186 0 0 0 0 0 0
11.3 6.0071 14.794 0 0 0 3.55 0 0 0 0 0 0
11.4 5.9356 14.762 0 0 0 3.5814 0 0 0 0 0 0
11.5 5.865 14.728 0 0 0 3.6128 0 0 0 0 0 0
11.6 5.7956 14.691 0 0 0 3.6442 0 0 0 0 0 0
11.7 5.7274 14.652 0 0 0 3.6757 0 0 0 0 0 0
11.8 5.6604 14.611 0 0 0 3.7071 0 0 0 0 0 0
11.9 5.5948 14.568 0 0 0 3.7385 0 0 0 0 0 0
12 5.5305 14.523 0 0 0 3.7699 0 0 0 0 0 0
12.1 5.4677 14.475 0 0 0 3.8013 0 0 0 0 0 0
12.2 5.4064 14.426 0 0 0 3.8327 0 0 0 0 0 0
12.3 5.3467 14.375 0 0 0 3.8642 0 0 0 0 0 0
12.4 5.2886 14.322 0 0 0 3.8956 0 0 0 0 0 0
12.5 5.2322 14.268 0 0 0 3.927 0 0 0 0 0 0
12.6 5.1776 14.211 0 0 0 3.9584 0 0 0 0 0 0
12.7 5.1247 14.153 0 0 0 3.9898 0 0 0 0 0 0
12.8 5.0737 14.094 0 0 0 4.0212 0 0 0 0 0 0
12.9 5.0246 14.032 0 0 0 4.0527 0 0 0 0 0 0
13 4.9775 13.969 0 0 0 4.0841 0 0 0 0 0 0
13.1 4.9323 13.905 0 0 0 4.1155 0 0 0 0 0 0
13.2 4.8892 13.84 0 0 0 4.1469 0 0 0 0 0 0
13.3 4.8481 13.773 0 0 0 4.1783 0 0 0 0 0 0
13.4 4.8092 13.704 0 0 0 4.2097 0 0 0 0 0 0
13.5 4.7725 13.635 0 0 0 4.2412 0 0 0 0 0 0
13.6 4.7379 13.564 0 0 0 4.2726 0 0 0 0 0 0
13.7 4.7056 13.493 0 0 0 4.304 0 0 0 0 0 0
13.8 4.6756 13.42 0 0 0 4.3354 0 0 0 0 0 0
13.9 4.6478 13.347 0 0 0 4.3668 0 0 0 0 0 0
14 4.6224 13.273 0 0 0 4.3982 0 0 0 0 0 0
14.1 4.5993 13.197 0 0 0 4.4296 0 0 0 0 0 0
14.2 4.5785 13.122 0 0 0 4.4611 0 0 0 0 0 0
14.3 4.5602 13.045 0 0 0 4.4925 0 0 0 0 0 0
14.4 4.5443 12.968 0 0 0 4.5239 0 0 0 0 0 0
14.5 4.5308 12.891 0 0 0 4.5553 0 0 0 0 0 0
14.6 4.5197 12.813 0 0 0 4.5867 0 0 0 0 0 0
14.7 4.5111 12.735 0 0 0 4.6181 0 0 0 0 0 0
14.8 4.5049 12.657 0 0 0 4.6496 0 0 0 0 0 0
14.9 4.5012 12.579 0 0 0 4.681 0 0 0 0 0 0
15 4.5 12.5 0 0 0 4.7124 0 0 0 0 0 0
15.1 4.5012 12.421 0 0 0 4.7438 0 0 0 0 0 0
15.2 4.5049 12.343 0 0 0 4.7752 0 0 0 0 0 0
15.3 4.5111 12.265 0 0 0 4.8066 0 0 0 0 0 0
15.4 4.5197 12.187 0 0 0 4.8381 0 0 0 0 0 0
15.5 4.5308 12.109 0 0 0 4.8695 0 0 0 0 0 0
15.6 4.5443 12.032 0 0 0 4.9009 0 0 0 0 0 0
15.7 4.5602 11.955 0 0 0 4.9323 0 0 0 0 0 0
15.8 4.5785 11.878 0 0 0 4.9637 0 0 0 0 0 0
15.9 4.5993 11.803 0 0 0 4.9951 0 0 0 0 0 0
16 4.6224 11.727 0 0 0 5.0265 0 0 0 0 0 0
16.1 4.6478 11.653 0 0 0 5.058 0 0 0 0 0 0
16.2 4.6756 11.58 0 0 0 5.0894 0 0 0 0 0 0
16.3 4.7056 11.507 0 0 0 5.1208 0 0 0 0 0 0
16.4 4.7379 11.436 0 0 0 5.1522 0 0 0 0 0 0
16.5 4.7725 11.365 0 0 0 5.1836 0 0 0 0 0 0
16.6 4.8092 11.296 0 0 0 5.215 0 0 0 0 0 0
16.7 4.8481 11.227 0 0 0 5.2465 0 0 0 0 0 0
16.8 4.8892 11.16 0 0 0 5.2779 0 0 0 0 0 0
16.9 4.9323 11.095 0 0 0 5.3093 0 0 0 0 0 0
17 4.9775 11.031 0 0 0 5.3407 0 0 0 0 0 0
17.1 5.0246 10.968 0 0 0 5.3721 0 0 0 0 0 0
17.2 5.0737 10.906 0 0 0 5.4035 0 0 0 0 0 0
17.3 5.1247 10.847 0 0 0 5.435 0 0 0 0 0 0
17.4 5.1776 10.789 0 0 0 5.4664 0 0 0 0 0 0
17.5 5.2322 10.732 0 0 0 5.4978 0 0 0 0 0 0
17.6 5.2886 10.678 0 0 0 5.5292 0 0 0 0 0 0
17.7 5.3467 10.625 0 0 0 5.5606 0 0 0 0 0 0
17.8 5.4064 10.574 0 0 0 5.592 0 0 0 0 0 0
17.9 5.4677 10.525 0 0 0 5.6235 0 0 0 0 0 0
18 5.5305 10.477 0 0 0 5.6549 0 0 0 0 0 0
18.1 5.5948 10.432 0 0 0 5.6863 0 0 0 0 0 0
18.2 5.6604 10.389 0 0 0 5.7177 0 0 0 0 0 0
18.3 5.7274 10.348 0 0 0 5.7491 0 0 0 0 0 0
18.4 5.7956 10.309 0 0 0 5.7805 0 0 0 0 0 0
18.5 5.865 10.272 0 0 0 5.8119 0 0 0 0 0 0
18.6 5.9356 10.238 0 0 0 5.8434 0 0 0 0 0 0
18.7 6.0071 10.206 0 0 0 5.8748 0 0 0 0 0 0
18.8 6.0797 10.176 0 0 0 5.9062 0 0 0 0 0 0
18.9 6.1532 10.148 0 0 0 5.9376 0 0 0 0 0 0
19 6.2275 10.122 0 0 0 5.969 0 0 0 0 0 0
19.1 6.3025 10.099 0 0 0 6.0004 0 0 0 0 0 0
19.2 6.3783 10.079 0 0 0 6.0319 0 0 0 0 0 0
19.3 6.4546 10.06 0 0 0 6.0633 0 0 0 0 0 0
19.4 6.5315 10.044 0 0 0 6.0947 0 0 0 0 0 0
19.5 6.6089 10.031 0 0 0 6.1261 0 0 0 0 0 0
19.6 6.6867 10.02 0 0 0 6.1575 0 0 0 0 0 0
19.7 6.7647 10.011 0 0 0 6.1889 0 0 0 0 0 0
19.8 6.843 10.005 0 0 0 6.2204 0 0 0 0 0 0
19.9 6.9215 10.001 0 0 0 6.2518 0 0 0 0 0 0
30 6.9215 10.001 0 0 0 6.2518 0 0 0 0 0 0
400 0 7 10 0 0 0 0 0 0 0 0 0 0
400 0 7 10 0 0 0 0 0 0 0 0 0 0
400 0 7 10 0 0 0 0 0 0 0 0 0 0