SimulationTime 2
initial_state 0.0 0.0 0.0 0.0 0.0 0.0 0.0 0.0 0.0 0.0 0.0 0.0
u_ref 0.0 0.0 0.0 0.0
uss 192.7669 192.7669 192.7669 192.7669
state_ref 8
40.0   50.0 0.0 -10.0 0.0 50.0 0.0 0.0 0.0 0.0 0.0 0.0 0.0
80.0   10.0 0.0 -50.0 0.0  0.0 0.0 0.0 0.0 0.0 0.0 0.0 0.0
120.0  10.0 0.0 -50.0 0.0 80.0 0.0 0.0 0.0 0.0 0.0 0.0 0.0
160.0  30.0 0.0  20.0 0.0 40.0 0.0 0.0 0.0 0.0 0.0 0.0 0.0
200.0   0.0 0.0   0.0 0.0  0.0 0.0 0.0 0.0 0.0 0.0 0.0 0.0
240.0  20.0 0.0  20.0 0.0 20.0 0.0 0.0 0.0 0.0 0.0 0.0 0.0
280.0 -20.0 0.0  20.0 0.0 20.0 0.0 0.0 0.0 0.0 0.0 0.0 0.0
400.0 -10.0 0.0  20.0 0.0 20.0 0.0 0.0 0.0 0.0 0.0 0.0 0.0